0
117
88
237
3
------------------------------------------
3
------------------------------------------
3
------------------------------------------
0
120
133
253
3
------------------------------------------
3
------------------------------------------
1
1
2
1
3
------------------------------------------
3
------------------------------------------
3
------------------------------------------
3
------------------------------------------
1
1
2
1
3
------------------------------------------
3
------------------------------------------
3
------------------------------------------
3
------------------------------------------
1
1
2
1
3
------------------------------------------
3
------------------------------------------
1
1
0
1
1
1
0
1
3
------------------------------------------
0
113
209
124
3
------------------------------------------
3
------------------------------------------
0
99
81
363
1
3
2
1
3
------------------------------------------
1
3
2
1
3
------------------------------------------
3
------------------------------------------
3
------------------------------------------
0
102
205
234
3
------------------------------------------
1
4
0
1
3
------------------------------------------
1
4
0
1
3
------------------------------------------
3
------------------------------------------
3
------------------------------------------
1
4
0
1
3
------------------------------------------
3
------------------------------------------
3
------------------------------------------
1
3
1
1
1
3
1
1
3
------------------------------------------
3
------------------------------------------
3
------------------------------------------
3
------------------------------------------
1
4
0
1
3
------------------------------------------
3
------------------------------------------
3
------------------------------------------
1
1
2
1
3
------------------------------------------
3
------------------------------------------
0
113
320
115
0
113
472
146
0
113
562
240
1
4
1
1
1
4
1
1
4
-------------------END OF FILE-----------------------
