0
113
230
224
3
------------------------------------------
0
117
393
436
3
------------------------------------------
0
113
228
273
3
------------------------------------------
3
------------------------------------------
3
------------------------------------------
0
120
426
304
3
------------------------------------------
3
------------------------------------------
0
107
386
297
3
------------------------------------------
3
------------------------------------------
1
4
2
2
3
------------------------------------------
1
3
0
2
1
3
2
1
3
------------------------------------------
3
------------------------------------------
3
------------------------------------------
1
3
2
1
3
------------------------------------------
3
------------------------------------------
1
3
2
1
3
------------------------------------------
1
0
2
2
3
------------------------------------------
3
------------------------------------------
1
4
0
2
3
------------------------------------------
0
102
350
290
3
------------------------------------------
3
------------------------------------------
3
------------------------------------------
1
5
0
2
1
5
0
1
3
------------------------------------------
3
------------------------------------------
3
------------------------------------------
3
------------------------------------------
3
------------------------------------------
1
5
0
1
1
5
1
2
3
------------------------------------------
3
------------------------------------------
3
------------------------------------------
3
------------------------------------------
3
------------------------------------------
1
3
2
1
4
-------------------END OF FILE-----------------------
