0
113
297
290
0
120
426
304
3
------------------------------------------
3
------------------------------------------
3
------------------------------------------
3
------------------------------------------
0
117
167
43
3
------------------------------------------
3
------------------------------------------
1
1
2
1
3
------------------------------------------
3
------------------------------------------
3
------------------------------------------
1
1
2
1
3
------------------------------------------
3
------------------------------------------
3
------------------------------------------
0
107
380
297
3
------------------------------------------
1
3
2
1
3
------------------------------------------
1
3
2
1
3
------------------------------------------
3
------------------------------------------
1
0
2
2
1
1
0
1
1
1
0
1
3
------------------------------------------
3
------------------------------------------
3
------------------------------------------
0
103
299
314
3
------------------------------------------
1
4
1
2
3
------------------------------------------
1
4
1
1
1
4
0
1
3
------------------------------------------
0
102
404
322
3
------------------------------------------
3
------------------------------------------
1
1
2
1
3
------------------------------------------
3
------------------------------------------
1
5
0
2
3
------------------------------------------
1
5
0
1
3
------------------------------------------
3
------------------------------------------
3
------------------------------------------
1
1
2
1
3
------------------------------------------
1
3
0
1
3
------------------------------------------
1
3
0
1
3
------------------------------------------
3
------------------------------------------
0
99
458
305
1
6
2
2
1
6
2
1
3
------------------------------------------
3
------------------------------------------
0
107
382
348
1
7
2
2
1
7
0
1
3
------------------------------------------
0
99
441
331
1
8
2
2
3
------------------------------------------
1
8
2
1
3
------------------------------------------
3
------------------------------------------
3
------------------------------------------
3
------------------------------------------
1
7
2
1
3
------------------------------------------
1
7
2
1
3
------------------------------------------
1
5
0
1
1
5
1
2
3
------------------------------------------
0
99
429
359
1
9
2
3
0
99
464
353
1
10
2
3
0
99
483
326
1
11
2
2
1
11
2
1
3
------------------------------------------
1
0
2
1
0
99
428
389
1
12
2
2
3
------------------------------------------
1
12
2
1
0
99
462
383
1
13
2
2
1
13
2
1
3
------------------------------------------
3
------------------------------------------
0
121
323
290
1
14
2
3
1
14
2
1
1
14
1
1
3
------------------------------------------
1
14
1
1
3
------------------------------------------
3
------------------------------------------
3
------------------------------------------
0
113
168
128
0
113
136
218
0
113
133
280
0
113
166
372
3
------------------------------------------
3
------------------------------------------
3
------------------------------------------
1
1
2
1
3
------------------------------------------
3
------------------------------------------
0
104
381
426
1
19
2
3
1
19
1
2
3
------------------------------------------
3
------------------------------------------
3
------------------------------------------
1
19
2
1
3
------------------------------------------
3
------------------------------------------
0
99
435
418
1
20
2
3
0
99
469
413
1
21
2
3
0
99
457
443
1
22
2
3
0
107
397
134
1
23
2
2
3
------------------------------------------
0
107
397
175
1
24
2
2
1
24
0
1
1
23
0
1
3
------------------------------------------
1
23
2
1
1
23
2
1
3
------------------------------------------
0
99
428
200
1
25
2
3
0
99
464
199
1
26
2
3
3
------------------------------------------
0
99
437
168
1
27
2
3
0
99
472
168
1
28
2
3
3
------------------------------------------
0
99
438
138
1
29
2
3
0
99
464
117
1
30
2
3
3
------------------------------------------
1
30
2
1
3
------------------------------------------
3
------------------------------------------
1
30
2
1
3
------------------------------------------
0
99
430
109
1
31
2
3
0
99
430
79
1
32
2
3
0
99
498
191
1
33
2
3
0
99
464
72
1
34
2
3
0
99
498
69
1
35
2
2
1
35
2
1
3
------------------------------------------
0
107
330
143
1
36
2
2
0
115
320
201
1
37
2
3
1
37
0
2
3
------------------------------------------
3
------------------------------------------
3
------------------------------------------
1
37
2
1
3
------------------------------------------
0
102
382
209
1
38
0
4
1
38
2
1
3
------------------------------------------
3
------------------------------------------
1
23
0
1
3
------------------------------------------
1
38
0
1
3
------------------------------------------
1
8
2
1
2
5
3
------------------------------------------
1
36
1
3
0
116
356
197
1
39
2
4
1
39
1
2
3
------------------------------------------
1
39
2
1
3
------------------------------------------
0
106
295
172
1
40
1
4
1
40
0
1
3
------------------------------------------
3
------------------------------------------
1
40
1
1
3
------------------------------------------
3
------------------------------------------
3
------------------------------------------
3
------------------------------------------
3
------------------------------------------
0
118
275
134
1
41
2
4
1
41
0
2
3
------------------------------------------
1
41
2
1
4
-------------------END OF FILE-----------------------
