0
113
226
225
0
120
426
304
3
------------------------------------------
0
120
427
202
3
------------------------------------------
3
------------------------------------------
3
------------------------------------------
3
------------------------------------------
0
117
547
422
3
------------------------------------------
1
1
0
1
3
------------------------------------------
3
------------------------------------------
1
1
0
1
3
------------------------------------------
1
1
2
1
3
------------------------------------------
3
------------------------------------------
3
------------------------------------------
1
1
2
1
3
------------------------------------------
1
0
2
2
3
------------------------------------------
3
------------------------------------------
3
------------------------------------------
0
107
395
340
3
------------------------------------------
1
4
2
1
3
------------------------------------------
1
4
2
1
3
------------------------------------------
3
------------------------------------------
3
------------------------------------------
1
1
2
1
3
------------------------------------------
0
102
375
307
1
5
0
1
1
5
0
1
3
------------------------------------------
3
------------------------------------------
3
------------------------------------------
1
5
0
1
3
------------------------------------------
3
------------------------------------------
3
------------------------------------------
3
------------------------------------------
1
5
0
1
3
------------------------------------------
3
------------------------------------------
3
------------------------------------------
1
1
2
1
3
------------------------------------------
1
4
0
1
3
------------------------------------------
1
4
0
1
3
------------------------------------------
0
99
459
307
1
6
2
1
1
6
2
1
3
------------------------------------------
1
6
2
1
0
99
436
331
1
7
2
2
3
------------------------------------------
3
------------------------------------------
1
7
2
2
0
99
428
362
1
8
2
2
3
------------------------------------------
1
8
2
1
3
------------------------------------------
0
99
471
338
1
9
2
3
3
------------------------------------------
3
------------------------------------------
0
99
462
368
1
10
2
3
3
------------------------------------------
0
99
430
394
1
11
2
3
0
99
463
404
1
12
2
2
3
------------------------------------------
1
12
2
1
1
5
1
2
0
99
493
315
1
13
2
3
3
------------------------------------------
0
107
351
359
1
14
2
2
0
107
302
357
1
15
2
2
0
115
338
308
3
------------------------------------------
2
12
1
16
0
1
1
16
0
1
1
16
1
1
3
------------------------------------------
3
------------------------------------------
3
------------------------------------------
1
16
1
1
3
------------------------------------------
3
------------------------------------------
3
------------------------------------------
1
16
0
1
0
99
466
398
1
17
2
1
1
17
2
1
1
17
2
1
3
------------------------------------------
1
14
1
2
1
15
0
1
3
------------------------------------------
3
------------------------------------------
3
------------------------------------------
1
4
2
1
3
------------------------------------------
1
4
2
1
0
104
381
424
1
18
2
2
1
18
2
1
3
------------------------------------------
1
18
1
2
0
104
316
413
1
19
2
3
1
19
1
2
3
------------------------------------------
3
------------------------------------------
3
------------------------------------------
1
18
2
1
3
------------------------------------------
3
------------------------------------------
3
------------------------------------------
1
19
2
1
3
------------------------------------------
0
107
605
209
1
20
2
2
0
106
599
252
1
21
2
3
1
21
2
1
1
21
1
2
3
------------------------------------------
0
102
622
273
1
22
0
4
3
------------------------------------------
3
------------------------------------------
3
------------------------------------------
0
118
283
317
1
23
2
4
3
------------------------------------------
1
23
2
1
1
23
0
2
3
------------------------------------------
3
------------------------------------------
3
------------------------------------------
3
------------------------------------------
3
------------------------------------------
1
11
2
1
3
------------------------------------------
2
19
1
23
2
1
0
102
267
347
1
24
0
3
1
24
0
1
3
------------------------------------------
1
24
1
2
3
------------------------------------------
3
------------------------------------------
1
21
2
1
1
20
0
2
5
21
0
3
------------------------------------------
3
------------------------------------------
0
98
320
405
1
25
0
3
1
25
2
2
3
------------------------------------------
6
85
91
374
279
6
76
186
381
277
6
72
299
376
283
6
161
404
203
251
6
89
399
376
280
3
------------------------------------------
1
25
0
1
3
------------------------------------------
3
------------------------------------------
3
------------------------------------------
3
------------------------------------------
3
------------------------------------------
3
------------------------------------------
1
25
0
1
3
------------------------------------------
0
102
275
380
1
26
0
4
1
26
1
2
3
------------------------------------------
2
18
0
98
379
406
1
27
2
4
1
27
2
1
1
27
0
2
3
------------------------------------------
3
------------------------------------------
3
------------------------------------------
4
-------------------END OF FILE-----------------------
