0
113
223
225
0
117
395
292
0
120
431
304
3
------------------------------------------
3
------------------------------------------
3
------------------------------------------
3
------------------------------------------
1
2
0
1
1
2
0
1
3
------------------------------------------
3
------------------------------------------
3
------------------------------------------
1
2
2
1
3
------------------------------------------
3
------------------------------------------
3
------------------------------------------
3
------------------------------------------
1
2
2
1
3
------------------------------------------
3
------------------------------------------
3
------------------------------------------
3
------------------------------------------
1
0
2
2
3
------------------------------------------
3
------------------------------------------
3
------------------------------------------
0
107
395
328
3
------------------------------------------
3
------------------------------------------
1
3
2
1
3
------------------------------------------
3
------------------------------------------
0
102
366
301
3
------------------------------------------
1
3
2
1
3
------------------------------------------
3
------------------------------------------
3
------------------------------------------
1
2
2
1
3
------------------------------------------
3
------------------------------------------
1
4
0
2
3
------------------------------------------
1
4
0
1
3
------------------------------------------
3
------------------------------------------
1
3
0
1
3
------------------------------------------
1
3
0
1
3
------------------------------------------
3
------------------------------------------
1
4
0
1
1
4
1
1
1
4
1
1
3
------------------------------------------
3
------------------------------------------
0
99
435
337
1
5
2
2
3
------------------------------------------
3
------------------------------------------
1
5
2
1
0
99
462
311
3
------------------------------------------
1
6
2
2
3
------------------------------------------
1
6
2
1
0
99
468
345
1
7
2
2
3
------------------------------------------
3
------------------------------------------
1
7
2
1
3
------------------------------------------
1
2
2
1
3
------------------------------------------
0
99
428
366
1
8
2
3
0
99
461
378
1
9
2
2
1
9
2
1
3
------------------------------------------
3
------------------------------------------
0
104
385
416
1
10
2
2
1
10
2
1
1
10
1
2
3
------------------------------------------
0
97
296
292
1
11
2
2
1
11
2
1
3
------------------------------------------
1
11
2
1
3
------------------------------------------
1
11
1
2
3
------------------------------------------
0
104
320
385
1
12
2
3
1
12
1
2
3
------------------------------------------
0
99
437
408
1
13
2
3
3
------------------------------------------
3
------------------------------------------
3
------------------------------------------
3
------------------------------------------
3
------------------------------------------
3
------------------------------------------
2
12
2
10
1
11
2
1
3
------------------------------------------
0
104
295
333
1
14
2
3
1
14
1
2
3
------------------------------------------
3
------------------------------------------
0
104
378
381
1
15
2
3
1
15
1
2
3
------------------------------------------
0
107
322
382
1
16
2
2
1
16
0
1
3
------------------------------------------
3
------------------------------------------
3
------------------------------------------
1
3
2
1
3
------------------------------------------
1
3
2
1
2
16
0
118
310
378
1
17
2
3
1
17
0
2
3
------------------------------------------
3
------------------------------------------
3
------------------------------------------
3
------------------------------------------
1
15
2
1
3
------------------------------------------
3
------------------------------------------
1
14
2
1
3
------------------------------------------
3
------------------------------------------
3
------------------------------------------
1
17
2
1
3
------------------------------------------
3
------------------------------------------
3
------------------------------------------
3
------------------------------------------
3
------------------------------------------
3
------------------------------------------
3
------------------------------------------
3
------------------------------------------
1
17
2
1
3
------------------------------------------
0
102
331
442
1
18
0
4
1
18
1
2
0
107
604
204
1
19
2
2
1
19
0
2
0
106
599
260
3
------------------------------------------
0
102
628
244
1
21
0
4
1
21
1
2
1
20
2
3
1
20
1
2
3
------------------------------------------
3
------------------------------------------
1
20
2
1
3
------------------------------------------
3
------------------------------------------
3
------------------------------------------
1
20
2
1
0
121
231
273
1
22
2
3
1
22
1
2
3
------------------------------------------
0
119
283
201
1
23
2
4
1
23
1
2
3
------------------------------------------
3
------------------------------------------
3
------------------------------------------
3
------------------------------------------
2
15
2
14
0
106
337
294
1
24
0
4
2
11
2
8
2
7
2
6
2
5
2
9
2
13
2
23
2
22
1
24
0
1
1
24
1
2
4
-------------------END OF FILE-----------------------
