0
117
146
136
3
------------------------------------------
3
------------------------------------------
3
------------------------------------------
0
114
510
137
3
------------------------------------------
3
------------------------------------------
1
1
2
2
1
1
2
1
3
------------------------------------------
3
------------------------------------------
3
------------------------------------------
1
1
0
2
3
------------------------------------------
3
------------------------------------------
3
------------------------------------------
3
------------------------------------------
3
------------------------------------------
3
------------------------------------------
3
------------------------------------------
3
------------------------------------------
6
533
88
569
108
0
107
519
79
3
------------------------------------------
3
------------------------------------------
3
------------------------------------------
3
------------------------------------------
6
124
77
176
101
0
122
145
86
1
3
0
1
3
------------------------------------------
3
------------------------------------------
0
102
444
88
5
4
1
3
------------------------------------------
3
------------------------------------------
3
------------------------------------------
3
------------------------------------------
3
------------------------------------------
3
------------------------------------------
1
1
2
1
3
------------------------------------------
3
------------------------------------------
1
4
0
2
1
4
0
1
3
------------------------------------------
1
3
1
1
3
------------------------------------------
3
------------------------------------------
1
4
0
1
3
------------------------------------------
1
4
1
2
1
2
0
1
3
------------------------------------------
3
------------------------------------------
1
2
0
1
1
2
1
1
3
------------------------------------------
1
2
1
1
3
------------------------------------------
3
------------------------------------------
3
------------------------------------------
3
------------------------------------------
3
------------------------------------------
3
------------------------------------------
3
------------------------------------------
3
------------------------------------------
3
------------------------------------------
3
------------------------------------------
0
114
541
136
1
5
0
2
3
------------------------------------------
3
------------------------------------------
1
1
2
1
3
------------------------------------------
1
5
0
1
3
------------------------------------------
1
2
0
1
1
2
0
1
1
5
1
1
3
------------------------------------------
3
------------------------------------------
1
5
0
1
3
------------------------------------------
1
5
1
1
3
------------------------------------------
3
------------------------------------------
3
------------------------------------------
3
------------------------------------------
3
------------------------------------------
3
------------------------------------------
3
------------------------------------------
3
------------------------------------------
3
------------------------------------------
3
------------------------------------------
3
------------------------------------------
3
------------------------------------------
3
------------------------------------------
3
------------------------------------------
3
------------------------------------------
3
------------------------------------------
3
------------------------------------------
3
------------------------------------------
3
------------------------------------------
3
------------------------------------------
3
------------------------------------------
3
------------------------------------------
1
5
0
1
3
------------------------------------------
0
102
557
154
1
6
0
4
1
6
1
2
3
------------------------------------------
3
------------------------------------------
3
------------------------------------------
3
------------------------------------------
3
------------------------------------------
3
------------------------------------------
3
------------------------------------------
3
------------------------------------------
3
------------------------------------------
1
2
0
1
3
------------------------------------------
0
116
482
137
1
7
0
3
1
7
0
1
1
7
1
2
3
------------------------------------------
0
119
506
162
1
8
2
3
1
8
2
1
1
8
1
2
3
------------------------------------------
0
121
481
111
1
9
2
3
1
9
1
2
5
9
1
0
102
509
201
1
10
0
2
1
10
2
1
1
10
0
1
3
------------------------------------------
1
10
0
1
3
------------------------------------------
0
102
546
201
1
11
0
4
1
11
2
1
3
------------------------------------------
3
------------------------------------------
1
3
0
3
1
3
1
1
5
3
1
0
116
170
381
1
12
1
3
1
12
2
1
7
2
3
3
------------------------------------------
0
116
509
403
1
13
1
2
1
13
2
2
7
2
10
7
1
12
3
------------------------------------------
4
-------------------END OF FILE-----------------------
